100154886739231
100220780061613
100488753368516
100959403400098
101046999940823
101249240005669
101550366670198
101913383293966
102118243290307
102645823122470
102960736425360
103609959747134
103990423161
104004233090103
104132986424054
104213194811
104424366381526
104695802977874
106038092769361
106155206162423
106407866224581
106553056198003
107510032634710
108147659359410
108253976011736
108253976011736
108627995925689
108924259187321
108965649174601
109000772520398
109060585803145
109143439277906
109285735946122
109285735946122
109292462492828
109999119183259
109999119183259
110240672360963
110874129013746
111385335617085
111427765607915
111431032340324
111889958982972
112625902138679
112710698820662
112710698820662
112997075565936
113295118728268
113356438874150
113967088682016
114280398651578
114785701910520
114875462003516
115064591976318
115730518548944
115820971805132
115820971805132
115857148539420
116532861690114
116600088460451
116608488510765
116665285079941
116699565166219
116822678357254
116884468389994
117851374959281
118204978267593
118471994910973
118705348149533
119236659134
119313051565125
119313051565125
119313051565125
119633348142821
119649474401
120453355026
120489634804707
120552258002793
120740804674415
120740804674415
120836191359109
122770421131112
122770421131112
122963334401362
123161151074971
123217154391330
123325234534348
123913967691329
124075411096488
124379361076816
124414754395912
124414754395912
124603431058204
124769354205566
124969124271413
125074650911657
125102760988377
125632610958661
125632610958661
125679817483466
125679817483466
125960924238592
126268200796236
126486024222367
126749744046676
126941870719917
127007737347552
127183330683603
127418597428671
127565513951146
127704000630160
127878317321353
127878317321353
129138873910621
129560620581557
129692537201093
129870447074280
129870447074280
130025970487665
130289563844294
130567183802641
130567183802641
130641957143693
130646063637019
130794210322022
130801863796933
131001983644429
131401070346430
131436836935582
132113473492124
132194046969583
132240910303492
132620986817810
133070873557515
133070873557515
133093230168436
133382586714449
133470916831550
133684356776365
133977696654607
134488596721668
134498083381099
134638323277063
134732140070523
134790793357519
135765993163862
136186849766166
136249256474171
136249256474171
136420259888165
136526509780763
136608176397544
136705273083680
136768533150397
136768533150397
136792343049593
136976892994173
137039356315089
137098163027311
137098163027311
137173986450589
137173986450589
137173986450589
137173986450589
1374804866105980
1375217159379500
1375668259322150
137576736383883
1375827909306410
1375867409332200
1376275152633210
1376706902580170
1376706902580170
1377269875862680
137781606243182
1378506872419260
1378548269086950
1379259709026370
1379259709026370
137929699738927
1380697512155030
1381344522090260
1382323671996930
138324839695129
138335249573196
1383533685235270
1383533685235270
138496999659633
138496999659633
138503709542827
1385848861674890
138700232808625
1387483004848130
1387582178191920
1387830711446450
1387881328110310
1387881328110310
1388431098075570
1388791181332320
1389182998002070
1389278514693190
1389480641325810
1389755567932530
1390436454529110
1391255134436500
1391324164469950
1391324164469950
139215389478766
139235489482432
139294952883190
139294952883190
1393088827580380
1393655957517520
139435339405311
1394534110804960
139555989413646
1395806920700540
1396182527298620
1396182527298620
1397325180546330
1397917020451520
1398325690384880
1398606803684500
1398648937034080
1399315080288050
1399647906920830
1400117003552850
1400514233520000
1400625543533830
140081132820224
1400811950193770
1400897446831740
1400934390178050
1401019696812140
1401729286781400
140191616079353
1402478063338630
140269286113034
1402707696675090
140277282838662
1403102703263420
1403443726588890
1403490179935550
1403678483242490
140382906137819
1404496769807610
1404544949822480
1404675339777560
1404675339777560
140480922788032
140480922788032
1405012759747010
140538882688550
1405567542989420
1406047839651550
1406455862933690
140647306120081
1407485976170660
1407650312816200
1407705042778030
1408090702764160
1408285532774910
1408705119380100
1408736206040640
1408736206040640
1408736206040640
1408923299359600
1409368839303580
1409643005991800
1410004662544920
1410508312556780
1411314529152030
1411941692410210
1412100959005440
141243522581089
1412442842303550
1412455062317480
1412598032361860
1413070258910080
1413070258910080
1413153125595690
1413183442291990
1413405148895880
1413489162271940
1413775635528080
1414179568870010
1414403542171090
1414409635451610
1415082988714700
1415416808711400
1415446002026570
1416104468607860
1416391588577670
1416525988569020
1416647571903290
1416708731875780
1416816025200530
1416826648555930
1416924945203380
1417491888529200
1417642651781040
1417955798483290
1418377385102120
1419110058349420
1419656778297690
1419656778297690
1420065204913630
1420266844927930
1420583594824860
142063369160408
142063369160408
1420634811486820
1420948391480050
1421186798166570
142185889300622
1421883168023660
1422153101381070
1422153101381070
1422622057997690
1422863307993850
142300345918426
1423425351278690
1423539164565930
1423584001241220
142382955834097
1424134754504750
1424134754504750
1424200577799570
1424215444493400
1424215444493400
1424404734463370
1424404734463370
1424475521157200
1424620467754290
1424707151075010
1424707151075010
1425022991073840
1425522031047600
1425637674316880
1426280484282370
1426807354245560
1426815684221540
142692415797757
1427006350896820
1427440434188520
142745725883622
142755862600931
142758412514957
1428216347452580
1428803687339710
1428954523988060
1429059290691000
1429059290691000
142958095872225
1430001740587100
1430001740587100
1430222850541620
1430646593877100
1431471500400860
1432033930414540
1432033930414540
1432234363699990
143242999179534
1432943466981480
1433566266866220
1433733360224270
1433914630216500
1434386523479510
1434499686821910
1434528676759250
1434681800140060
1434943793435460
1435076760069870
143516799149840
143516799149840
1435181600072780
1435213330087620
1435277370032270
1435394133380860
1435451223392000
1435620796657280
143577505819701
1435777549978810
1435777549978810
1435959679977230
143644565706978
1436639379941730
1436639379941730
1436662476568760
1436675946598030
1436685756601000
1437048653224770
1437222489876790
1437553353174250
143756705786362
1437709226481790
1437738189823020
1437740013167970
143788185753777
1437901216459270
1437901216459270
1438129313117620
1438311103102380
1438517939749930
1438708759744080
1439033012994870
1439139949681840
143938075669894
1439539616305650
1439931119604280
1439946719606320
143995435648174
143995435648174
1440186429564750
1440618399541770
1440691559525940
1440691559525940
1440691559525940
1441014839494300
1441581922763820
144205625786446
1442103396058080
1442279712701760
1442448675972770
1442601762653260
1442791415936140
1443070579259430
144395032366039
1444233289170920
1444484545767770
1444542415785130
1444542415785130
1444566242465530
1444695212412940
1444786829074640
1444902019096220
1445519875685960
1445569372367370
144642735701281
1446634618925540
1446642518903150
1446749618916060
144707632404448
144771585693408
1447895208786910
1447916698795500
1448222108772670
1449115741967020
1449204262002090
1449278058623560
1450086251907380
1450610098529770
1450780445191460
1451586621737650
1451586621737650
1452153131697940
1452328675019590
1452517051684490
1453211984901470
1453211984901470
145321769008155
1454363584785840
1454488468132870
1454705071444190
145711245523979
145759155631854
1458272047725250
1458906954346140
145917595478018
1459979647559100
146008328906416
146028685602615
1460418650837190
1460475767505310
1461276734117930
1461562837406510
1461613930722260
146243442217291
1462442127301200
1462446613972840
1464280723813590
146452685452354
1464871783744300
1464871783744300
1464871783744300
1464871783744300
146522228855242
1466192470294250
1466549483590430
1466988860196400
1467116220193450
146800868853031
1469422646632020
1470525716519230
1470756856469410
1471291859777040
1471493899754940
147149872122428
1471900883036750
1471900883036750
1472242049654720
1472242049654720
1473038566242350
1473489626227280
1473497169534740
1473561516209070
1474178499486910
147457651994198
147567288749617
147567288749617
147654382079542
1477652479129860
147780188723825
147941745394160
1481425988767430
1481425988767430
148167381654
148282641848463
148282641848463
148445172021861
148489635313667
1484913795079770
1484913795079770
1485948484974130
148622031970088
148695155331194
1487644114786410
1487709938112680
1487733774796000
1488010124751000
1489058981329190
1489389051299250
1489788704574050
1489788704574050
1489788704574050
1489788704574050
149071705158087
1491162697786030
149126598517137
1491408207745370
1491408207745370
1491456714405410
1491868977696910
1492371200997030
149276761814857
149276761814857
1492775807606020
149316415132783
1493714014178800
149399448583477
149434195176849
149434195176849
1496185817277650
1496928533874350
1497335817160240
149775758446994
1498054807093380
1499388100275020
149943631549
150003021835171
150003021835171
1500245930190330
1500716553497640
150097208487841
150097208487841
150141981861517
1501721333375960
150217108501031
1502488833314100
1503042523244000
1503077593240130
150310701711750
1503447406534960
150350125025571
150432231739037
150453688470293
150547464966022
1505835039648700
150605874958255
1506887709530050
1506907549539180
1506971816199810
1507021636187900
150746535059973
1507978452758690
150903418436345
150903418436345
1509671849258790
1509671849258790
150975085046206
1510774689135600
151127578350980
1511295145752630
1511479735740040
151219794953323
151331015069018
1513575585529240
1514478665447430
1514704542074750
151474848386548
151492101705058
151492101705058
1516827095209770
1516965828531180
151714331650446
1518788335007870
1519824524907660
152136548244390
1521868188038830
152223988065
1524816457747030
152989938095048
152989938095048
153067151552996
153072478174158
153074318214128
153120444745247
153120444745247
153210601440234
153823061436086
153841507984505
153980421376323
154457691255340
154762334728560
154998948040820
155100897935897
1556748977885720
155891754432297
155891754432297
155957627800307
155957627800307
156181777771313
156196291088039
156334961209876
156436507889172
156711311077602
156843594508443
157117784456988
157320777788893
157342781135693
157526554454780
157705887734501
157831487606894
157831814374058
157831814374058
158196327524652
158206274374074
158404004306534
158503050934771
158621124310010
158881387463793
159030214128086
159031754249038
159066390970782
159146740945855
159212767614017
159212767614017
159219684275059
159239200813477
159338024253095
159710294043117
159757410862250
159760127520989
159760127520989
160022174138403
160323830830971
160358064103249
160358064103249
160622147466623
160709397455813
160788354073345
161027960743101
1610930455798240
1610930455798240
1610930455798240
161339010591990
161420890703776
161484630573881
161643064008497
161732970687244
162011060654038
162187350477296
162284590625512
162647027108580
162944467837
162975903892537
163070723722428
163119667178349
163130037175708
163130037175708
163147753887540
163300330496560
1633088946915600
163331233695921
163333113739237
163440207144895
163479290380737
163509487151227
163532027073080
163721880418225
163953847098179
164298283677430
164322190330619
164322190330619
164322190330619
1645034412388270
164595456931212
1646121638945280
164639160256523
164647807041401
164733056872990
164781063645654
164900680338367
165148370328875
165164846953697
165337983615259
165712643562296
165770536952552
165873940266778
166023400218445
166125540256967
166125540256967
166133123576507
166194416755601
166418073533766
166529350211327
166553610214576
166612816683191
166663946828027
167481846764169
167808393388264
168010380058850
168026743259699
168202150010171
168202150010171
168205790031996
168499206639899
168684739871625
168844853202270
169014719901012
169119159861811
169298123262399
169384399913783
169469283233711
169485106431801
169583836570152
169627106576659
169852813200346
169852813200346
170007599719443
170019159748264
170052363065912
170079266506453
170577096329029
170974559743373
171071469705739
171117146275172
171239939578479
171246819628104
171427086377972
171801179692081
171801179692081
172326946265982
172346086304355
172346086304355
172489609823
172532272846356
172862869559626
172908982743119
173048306196049
173123356118309
173128119526868
173128119526868
173221539362195
173307386198247
173322319385588
173534542681498
173806986101089
174185782636080
174285686101826
174368219393791
174368219393791
174368219393791
174368219393791
174489229351793
174680082580112
174680256039409
175195242631949
175279999343025
175701852627161
175857225884118
175999275808995
176261592391716
176368565841235
176398365830236
176402942513295
176436212417836
176441862508063
176670169014657
176677812524464
177404922420841
177491675631493
177612372381141
177996672022
177996672022
178055325555923
178155115697074
178180242387181
178356912247287
178356912247287
178359315697761
178932052306579
178969492218629
178969492218629
179119238859629
179290522087103
179370762197868
179425002222960
179543122112390
179637705521742
179812329061
180498208665655
180873522086783
180998775290139
181076328753473
181076328753473
181196631927866
181486588670993
181601088696029
181624641878858
181711878646262
182147801872633
182442751851910
182442751851910
182487531795369
182570662503
182597835246975
182609775259646
182927978458370
183200981858698
183272898351002
183559888503381
183562638488521
183564161760700
183975565120378
184024268458480
184072068470621
184217731748319
184253681757571
184399618407821
184536558391249
184768191569228
184917878314610
184922078335847
184922078335847
185078428359234
185078428359234
185089565007948
185170868206899
185500008221503
185926201450188
185987004922353
186021488201525
186127148161846
186210704753837
186272208215167
187038408111998
187162821462052
187362814663271
187362814663271
187568188068717
187674581371640
187889748052619
187906381390331
188082981245780
188131564561637
188201271320442
188201271320442
188285474550541
188285474550541
188405954534820
188788407936069
188793097977298
188823551154760
189051667802536
189092234579345
189092234579345
189138934532242
189406924517848
189591631246566
189611571105822
189687697785848
189802997892960
189878277813740
189886231068040
190039411156771
190501520967543
190525154373896
190740217623236
191034091028155
191520527716933
191666290993604
191828404227640
191832127619246
191851824298384
191902587495502
192081244168488
192109510960188
192109510960188
192134987491634
192243917484894
192291187631801
192646307424380
192996177515267
192997637380127
193442100700547
193716690780450
193892707339885
194178030716137
194280410616898
194554353916798
194605497341148
194704694038470
195285793993934
195285793993934
195285793993934
195404230469980
195424103859507
195650980461671
196066727098230
196134860565420
196435617055424
196466583875786
196814663690760
196978957005689
197043093651192
197475423607904
197475423607904
197606970414981
197722137103427
197722830242901
197770953630275
197770953630275
197928017047874
198370370373217
198491200166505
198491200166505
198504453662912
198678303659573
198760826957929
198760826957929
199349276746450
199498280221710
199595896861814
199700973518928
199700973518928
199732943495587
199732943495587
199773033532881
199900003382430
200319300173765
200319300173765
200533486761183
200566716788441
200706883425583
200706883425583
200786000130481
201023319931751
201224323250534
201325843291529
201469673229787
201594760007396
201638890023495
202213376622923
202235099819139
202235099819139
202636673098285
202715616591425
202715616591425
202793243233620
202793243233620
202913479896262
203043976401011
203058976381939
203270776377409
203377436407613
203662463142869
203682896502676
203704603168009
204195036376196
204195036376196
204210819747457
204591129568937
204625019723827
204818959683553
204887962857175
205276579512259
205546016279974
205644699575898
205738952931244
206025826089043
206160429570060
206162532733907
206227522870598
206714706200356
206714706200356
206805492856669
206811212819675
206927606158463
207001952819606
207001952819606
207959702702317
207962029371745
207990582731239
208063679205008
208160239358783
208299385961385
208344532594360
208416102700873
208509112693742
208642302571277
208660889168766
208660889168766
208898672619641
208935379237047
209027865920404
209262342435165
209341269107059
209358555869085
209406329070977
209748442375614
209858262403262
209958622391789
209988869186754
209988869186754
210027832372034
210027832372034
210292395801943
210327365800344
210580589131905
211042429036339
211042429036339
211165808900980
211400859069583
211447662205714
211447662205714
211783072324666
211840005633806
212012138868095
212165522326003
212170945482487
212528632270599
212570558929902
212668745563862
212718452267569
213127638706708
213185475492809
213277098806950
213325815482728
213336168843094
213371386321
213416298858500
213437722029875
213501338798107
213512075345881
213544785477386
214236542076148
214613418734542
214671371990356
214692612031969
214692612031969
214799995294693
214821622056417
215014932034176
215298205302291
215319261965027
215436771955148
215621958600461
215653865298222
215758545124458
216063088433859
216063088433859
216362538559240
216493905048407
216682478534090
216779851813041
216992341648133
217070371810111
217369115107649
217646534961482
217690791604165
217969681697745
217979521702324
218241394998335
218352324981517
218436254972614
218574444972814
218574444972814
218601908326851
218647071626003
218723544806660
218762361485213
218762361485213
218806948255807
218811198140404
218830285242
218847914809720
218930964932529
218972898227404
219470564876814
220067914747984
220067914747984
220084544700196
220211928178829
220340571439495
220340571439495
220369364659518
220396368138593
220694528062857
220879014640416
220961378110545
221143837911441
221356938009952
221356938009952
221425394696178
221596464658288
221734491220353
222042667814474
222207881141592
222283004633852
222736977935957
222847137869032
222943387731773
223016447879314
223171314512059
223179457841721
223434257817195
223452687683622
224198254402712
224205264457439
224279060948815
224595217649409
224779034368425
224790497711484
224790497711484
224869097618289
225232034341958
225321854286564
225321854286564
225520777611306
225558000844015
225715630773331
225778270963810
225860707573214
225997264096726
226533227400631
226533227400631
226794500834934
226794500834934
226937907459117
226946007455629
227072437474511
227248760797578
227390494089320
227390494089320
227700864037024
228278083965737
228540590621871
228574340671848
228574340671848
228889353873074
228983540625601
229131200443681
229284273779872
229284273779872
229587407228841
230012517162194
230120690499394
230216247176499
230345600461113
230392640474074
230675743779225
230675743779225
230773340408700
230773750443602
230773750443602
231219950369195
231255670315494
231600563715730
231828920339705
231835560218472
232090340264561
232165586916563
232210186856696
23230437118
232543680122591
232735616923517
232876543442801
232930380202750
232995400234605
233240503548070
233702273486581
234023453458590
234162723306003
234676123357377
234709679921552
234728450014831
234728450014831
234728450014831
234781653375794
234844843220632
235066736539743
235175629965636
235431263218730
235479339934363
235479339934363
235760246605442
236226619897391
236226619897391
236337286562228
237101899791627
237161196326659
237275973140421
237282146316470
237551023111301
237739386436801
237751452961240
237804309715381
237821063016638
237821063016638
237965772961559
238566252833400
238950839631532
239227539552588
239263406173470
239297256250592
239431772882280
239754912845201
239840339553419
239942846153851
240170186140692
240570286120532
240978709438113
241076709405755
241213976082772
241477642723896
241832029163220
241844155857013
241883229326948
241960039330404
242364729279269
242455189296278
242628665800981
242659745911232
242770315932103
242855355907357
242867029072136
243008289201312
243008289201312
243176399053149
243727255756500
243772062494267
243924169094455
244200859066997
244737452353417
244893355700684
245013552369074
245746485536112
245746485536112
245793792110526
245797045613508
245887528800803
246289378726514
246819322082030
247018152113791
247018152113791
247019962154910
247461538788987
247487108655476
247487108655476
247678788772255
247766032047693
247823688670915
247885198753213
248229252037607
248555898673989
248588918628761
248599125340400
248954845297953
249149195292845
249361321921226
249642388527412
249826211852724
249932015214339
250215438472971
250312081840838
250464085046082
250834631764027
250932111695887
250932111695887
251258868231978
251328724895673
251341451606854
251846718204529
251846718204529
252094261486077
252189981624852
252189981624852
252634578085209
252698548187695
252698548187695
252789538210226
252988391537588
253139051505958
253493254849944
253574578014150
253610778150014
253636683529
253656451481251
253656451481251
254038111446434
254174521264226
254497608080191
254966304525052
255035677996043
255353404672502
255656151304343
255702937901669
255816277936895
256454084539676
256789881099478
257578324413306
257610667591633
257932427681565
258318684187476
258525884220786
258779994324905
258779994324905
258779994324905
258861647580268
259655177526665
259826000861760
259826000861760
259920370762679
260382330796833
260453860825085
260898440700700
261257324062293
261280804058599
261828333964132
262287543957405
262355910614317
262553807277761
262573843767453
262749907246787
262957513887045
262957513887045
263175057148444
263328107018128
264283093666531
264603470230264
264606793569850
264889606993576
265076464975
265729133587262
266075780211269
266473663458493
267001290044824
267029470068734
267029470068734
267262479992104
267653606757467
267658926750135
267658926750135
267834119936876
268007806629113
268267153184756
268401793236358
268550766637737
269117353219404
269415123244921
269574739747857
270149293065987
270547381138
270547381138
270792176310414
271762506335860
272048502973259
272125826289929
272404416270292
272670999525606
273330972680209
274108269274480
275153812629587
275303849302745
275303849302745
275303849302745
275442605940030
275782049213321
276003099248752
276019442552570
276060862426119
276072419229224
276072419229224
276099469219579
276107642563369
276356786922
276650425759021
276650425759021
276690632346610
276757309153654
276810192351111
276810192351111
276810192351111
276810192351111
276876412473304
276876412473304
277277945624438
277320805762213
277589395592389
277887215697718
277917435713111
278825708935879
278902288891393
279058108921246
279843242117018
279942158728497
279942158728497
280028892176781
280263251998821
280263251998821
280711088767897
280763648765392
281034368742399
281034368742399
281348048596429
281350025329068
281350025329068
281433432029296
281875421992769
282699635202628
282986391819270
283030288527804
283030288527804
283333101806764
283394798467521
283739381793041
284136917448
284169765087995
284178935017847
284272355085264
284272355085264
284437181729285
284673271701130
285028858326619
285101628245229
285323328207871
285589031550653
285892314911342
286011711558592
286174301531310
286404748151549
286868288160064
286938224665459
287088901451395
287088901451395
287113471425162
287720221340658
287756078032938
287951084719578
288321447963817
288437618003326
288617047943141
288836191296770
290291867776937
290298774413057
290298774413057
290322171134604
290347514449006
291191691047372
291328424384817
291722227632224
292079710964085
292288134162240
292674504209194
292687907572230
292879530881616
293013914159630
293013914159630
293013914159630
293108824196838
293657637476095
293890334106319
294120417281609
294161400759402
294600467301951
295150517229795
295425467162804
295445117265433
295483927238507
295543677283785
295942523907118
296068643887618
296181397059652
296508423701621
296737450357193
296825873822900
296846797008133
297038457012448
297066840458207
297344050372990
297741497029329
298031460357278
298436600298575
298777810290964
298924843452742
299079120264047
299115986914448
300307350108767
300682470045769
301091956721799
301202713354442
301265653374272
301501970032604
301694873303229
301915983297027
301915983297027
301926453242336
301926453242336
302396549903121
302494029894159
302640956534342
302902586509043
303278929805077
303280046491352
303874983075979
303962886381795
304048646416009
304048646416009
304161436359201
304379056369700
305470806272989
305649199563868
305657882916489
305781156105863
305790542896923
306173309547335
306186379541137
306482329382547
307012859430489
307019559451657
307030476103650
307030476103650
307030476103650
307126016085753
307209736113240
307429829360732
307429829360732
308086509296446
308086509296446
308086509296446
308086509296446
308086509296446
308086509296446
308159432682963
308236258959
308350425928649
308501305946965
308543282645889
308543282645889
308668735847881
308668735847881
309057952534081
309082272601881
309424252497243
309633572526904
309914515818869
310419495777902
310912445708550
311195232284943
311341432350786
311790955511900
312727602199057
312825815401724
313142262180970
313167472175625
313364815361593
315174398622925
315303978559243
315308058551031
315471931930650
315512228597567
315529775277548
315792951892606
316037265078501
316596198465835
316755378460852
317839221617347
319074254833935
319450738205826
319450738205826
319450738205826
320237494776772
320459421364852
320772731383551
320789698075858
320792451420521
321075944656159
321108577978266
321410404661554
321482437980476
321482437980476
321977934623341
322766504541292
322802664485352
322815487830292
323122801127769
323959184296304
324086581090427
324249824309262
324249824309262
324295490956243
324469364234941
325079620980384
325194460945043
325194460945043
325762454226563
325889230880938
326410304175501
326900749036
326900749036
327292807398627
328449950529689
328635557157948
328906540584589
328906540584589
328917713803061
329597813754564
329617253807282
329766330414224
330069810435818
330473987055390
330764143743019
330802170298877
330983570338102
332287600195722
332365070243457
332834556864004
332890360157891
332913730451
333103263398905
333284763474626
333541700077601
333856066711970
333995943375114
334102973403346
334119593410011
335360713255690
335687199799260
336117049789776
336673736484685
337153826401600
337869686315686
337869686315686
338113102975453
338262376267957
338492422948967
339002039537473
339277842887716
339277842887716
339499286185470
339522906140419
339522906140419
340211502706863
340649939369860
341823149228137
342107569267714
342107569267714
342166385839622
342498175865478
342870012497349
343286199158832
343517805798801
343807739353
343817272354709
343888275736285
344053262292556
344061622385710
344248405726989
344248405726989
345921018778711
345922952172571
346021398842181
346323348847285
346334182140436
346334182140436
346568552164600
346773142111923
346860772114108
347007192083796
348093248615904
348445071880841
348705868595319
349551048477019
349568668482143
350522638412793
351229761661132
351490358310583
352201724911016
352213991539279
352517611549214
352734074845457
352862301507588
353297064773586
353297064773586
353516291391419
353634258091462
354236378037586
354236378037586
354573251340720
354971837850292
355430397877705
355988321144407
355988321144407
357049931037563
357578180990617
358810307491345
358810307491345
358810307491345
358810307491345
359236930852558
359360680778908
360273557436881
360311324105809
361820370585314
361820370585314
362772240519922
362772240519922
362928600458248
362928600458248
362928600458248
362928600458248
362928600458248
362928600458248
363400003689726
363469490438831
363733827043715
363870960407128
364275943685139
364474286957028
366441363395960
366880200047204
366989933421459
367492393266808
367732623238120
368080663219907
368204819988412
368204819988412
368727493257121
369150733225921
369518829837506
369525693071859
369730489821120
369730489821120
369873386395171
369873386395171
370151933039578
370564453021004
370622923063975
370716832988483
371083232999504
371824159593399
372163842814653
372442662860014
373040896144679
373284599443616
373479149448642
374272242692911
374310839322908
374310839322908
375091739300493
375272892590029
376495789090753
376743272455327
376824762330814
376966895739480
377472485660515
377569972364001
377694709043544
377772172272278
377801192305179
378585472274108
378597762261470
378840148901720
378934942144182
379143122202408
379149652192193
379149652192193
380133538770445
381136748675552
381221725349561
382164235214617
382290295172432
382424898457982
382811191782836
382811191782836
383234641711326
383346805054926
383547615077242
383606258409402
383906771716467
384498978324410
384736414932241
384798728268138
385085371637031
385085371637031
385179644855118
385402278249928
385537868238945
386546761358227
386840034752936
387035488109170
387775521306132
388175561213171
388304604620127
388661961201521
388727461245396
388891934571753
388891934571753
388891934571753
388891934571753
389081901178442
389136771184239
390586354409152
390599411058178
391020727695418
391240587669212
391270610933803
391343890982231
391846360937224
392088667568281
392185364168063
392430187542896
392518764218525
393037900798479
393515394091011
393685457430489
393835434017784
394780870620561
395435337217041
395743477218538
395963020540980
396005937146680
396222453838889
398239446944530
398536706941272
398536706941272
399980203457075
400912606682671
401006253352556
401111216682674
401246593317504
401457993258853
401509036616761
401756349921301
401925086545711
402437273173221
402591896502975
404296889708293
404452036295157
404813912950466
404847052950132
404953466274797
405029299613584
405029299613584
405043852862685
405526379509974
405526379509974
405630149575106
405630149575106
405997099506146
406744849468896
407519072698542
408112062657217
408362859259088
409845915793859
409850845707317
409886635790063
411063158994077
411257008980540
412202798817735
412423918835162
412448765564868
412630568822348
412945235409212
413236732144706
413401145343954
413959688743418
414327708601456
414590831901491
414590831901491
415831841861458
415913361859387
415913361859387
416065875171092
416261505127017
416798655125965
416993455023523
417076871738263
417090368399289
417234905058366
417336228359993
417946984977051
418027864989399
418027864989399
419667814841290
419970481473840
419970481473840
420061661437518
420551468009470
421532131315816
421875931292315
422001407909262
423139454416310
423291524408355
423463404351860
424435574258964
425177964268321
425214894267441
426708277372429
426934567433513
427032050751145
427241957357064
427395863958852
427453464035450
427795990675508
427990937282477
428200917291865
429381983863897
429758120443620
430037437122085
430470600408567
430538837012687
430781143690483
430941570372394
430941570372394
430987213672300
431193140348075
431686716935039
431884646932811
431887643492730
432442370199489
432474793454235
432831653428512
432979350135590
433273340103388
433322790140528
433425240067943
433426833369596
433460170068273
433688310047703
434545473268911
436465613150723
436465613150723
436564729771254
437583413025320
437908942990620
438155192944035
439169136158062
440334046029410
441213909287209
442958729079716
443061285730010
443275602439032
443275602439032
443368849109234
443389482444717
443493925579
444223069018273
444419438981047
445006488916689
445006488916689
445249715552861
445304455510066
445811808866109
446057992153770
446136652098257
446173542195378
446212175515162
446223025509729
446389635503005
446458055468890
446458055468890
446987085429543
447910455317807
448374238534105
449281861864549
449281861864549
449392761823354
449392761823354
449760425150445
449916838415718
451541248246164
451718428277144
451824878173681
451872701592558
452698361541782
453454244777383
454250101307036
454332244650256
454332244650256
454747331289030
455296737827182
455477741265519
455511821186578
455620404467305
456021614534503
456021614534503
456412887708673
456471654434447
456621017770372
457549034314640
458295017641271
458648924271800
458713057585093
458960117461292
459295900820591
459347844135684
459445474123545
459445474123545
459612817503396
459817227423870
460069044136673
460371784047899
460374564019840
460535910759933
460862070710728
461120567249881
461187273967246
461270623972016
461270623972016
461540647295900
462063700536255
462410990498211
462415390445947
462415390445947
462808527179768
462842383753553
463135460487758
463135460487758
463290700386555
463366933807002
463738207062251
463738207062251
463954050416057
464069490314110
464069490314110
464118027024341
464440893636195
464638477014041
464649536968925
465277633574819
465399936928270
465767453465859
465767453465859
465838446884838
466155003462637
466381686710819
466383736820480
467036120099420
467036120099420
467164180027944
467164180027944
467322640029308
467326703374697
467326703374697
467326703374697
467326703374697
467365126714257
467957063316386
468151606628486
468151606628486
468165493315993
468514369918133
468614783275505
469354016463140
469493109805744
470055903103119
470132113133486
470294166448958
470358539763479
470433563053151
471116943003071
471133189697296
471672436273531
471882069585067
472383776151596
472962402792681
472962402792681
473370786017095
473706402764340
473796962644823
474281629263076
474637242631451
474643245888894
474693052647463
474693052647463
475247412519042
476333192411691
476943209047684
476970965684425
477070769023291
477499352339883
477989375654232
478182565584895
478569568945521
478584888889675
479022665530878
479677142163427
480039952113947
480144035393188
480405788769704
481172691942040
481413648575754
481440851942438
481440851942438
481890105290102
482552385194659
482825141826008
483031538481225
483068538470457
483081915037949
483081915037949
483081915037949
483081915037949
483170558396780
483170558396780
483170558396780
483170558396780
483170558396780
483367501790358
483367501790358
484456181699914
484824794917100
484869881572355
485023208261035
485023208261035
485323701598781
485528258194078
485706431505882
486312631513589
486312631513589
486400384711370
486400384711370
486689261371361
486723511448037
487374648035832
487947681318439
487947681318439
487948831351038
488760444587562
488844601262228
489079664556863
489098984538268
489099607853849
489242231209267
489319364486038
489344141168784
489453314436519
489574664476560
489609261125718
490449834392487
490625881027509
490688480954702
490688480954702
491141607623541
491172890928541
491403310975419
491493127586621
491612590912786
491755907623398
491796660884990
491915064196411
492352860874305
493277500788437
493322060742257
493471670728504
493489114021905
493489114021905
493627810722858
494693903948210
494736913915241
494736913915241
495149673910577
495226620560157
495369343871474
495495197165857
495617187176235
495807533898514
496286200437210
496286200437210
496454837084615
496695180345603
497270110320370
497411690323531
497506703701108
497531890379109
498382276915361
498659113514037
499101423551982
499128140198422
499148493460841
499338646798769
499728086801928
499848826800147
500003930095709
500003930095709
500045326709321
500058536750501
500841356655890
500841356655890
501314889973656
501314889973656
501859613201708
501990619921441
502533999760999
502550729838268
502897786484548
503355659752114
503491236407350
503742559725666
504169089661391
504298452945840
50443014930
50443014930
504634212955878
505080479538899
505421356197823
505478722838973
505558746224036
505743646178860
50576790299
506723579411741
507151592685902
507191582700391
507261569376706
508145365895404
508235075965511
508513579277475
509066785795964
509673925760933
510158092348402
510320019080795
510585672362860
510737648969455
510993465676154
51123566983
51123566983
511317298925112
511317298925112
511539485549501
511539485549501
511582198934334
511708545583397
512638785496575
512766145481049
512766145481049
513082125474515
513453775369066
513727202068069
513760145356503
513760145356503
514436185259273
515233888599847
515697281827901
515700665200934
516076831748806
516199841813949
516885368401567
517018075069777
517271018386214
517369628335118
517512071695936
517825634937968
517903358283992
517903358283992
518648984867812
519010371548974
519024471556393
519411901518183
519596334802880
520344874671809
520344874671809
520688804668102
520904044633619
521034501290063
521248404628079
521300947923134
521303004663095
521370774635152
521434537913944
521434537913944
521690727878738
522599524480068
522829407762793
523310357758236
523523964419324
524444217683799
524872340908306
525248920864755
525921257487996
525932257516728
526046510840220
526245184111742
526671814069885
526695164059257
526727567382860
526727567382860
526727567382860
527111280690020
527483607341197
527674664008949
528341647246464
528623820515992
528717827210238
528730080581506
528901993813958
528901993813958
529282403789033
530282537028279
530449213715923
530672470358218
530672470358218
531018500294028
531269860276745
531372560322774
531737370234692
531817373562249
531907173598632
531907173598632
532258673513760
532461876801069
532548320185302
532877890123153
533540046695602
533648553412050
534536359927530
534922426555721
534989526526820
535424319867843
535487966523493
535572113163746
535897826539034
536510753058686
536510753058686
537027449745989
537096919710532
537326079648063
537326079648063
537399573050053
537549849630985
537857666256477
537857666256477
538014599564477
538014599564477
538123962977584
538303089585127
538303089585127
538844926182906
539240549473149
539252389457470
539363782771209
539726252753143
539885069368013
540782719360967
540863849294771
540863849294771
541517085923791
541873939195326
543749475648550
543778272400638
544456152294278
544552252247821
544904292293259
545368295553060
546009945478973
546660218677332
547686188652948
547909111986635
548594831868766
548730585190234
548821661903096
548891851827784
548891851827784
549193408463935
549598831769862
549680615053833
549680615053833
549777855070141
549854128402854
550062615115339
550062615115339
550114521709814
550143221738709
550264205050241
550536985062587
550848608298201
550917795017391
550990338276252
551224684911210
551224684911210
551632931563218
551829231521993
552692644848262
552734061512074
552738328173341
553395238047880
553403781410162
553403781410162
553461018078493
553461018078493
554056391307817
554676274587194
554799847874613
555099997872368
555099997872368
555501687858700
557433297647803
557565800953719
558317450893360
559050747506225
560852824025504
560879987324475
561206573896182
561212657304005
561212657304005
562179457205837
563212080386557
563338237034673
563419583741795
563419583741795
563914386991574
563977733677549
563977733677549
564343926989129
564458826972527
564510323591791
564582600316674
565074903519977
565074903519977
565074903519977
565750266793211
565914573490277
566326723482207
566326723482207
567099196702348
567099196702348
567321073388628
567321073388628
567505146659619
568733049838030
568781936541449
568781936541449
568903446557518
568903446557518
568903446557518
568903446557518
569074199821964
569118183152490
569118183152490
56948314875
569539516452827
569571773103112
569775213034779
570463186399582
570531129647631
570531129647631
570567849668084
570657716324686
571066139608011
571100329655605
572144132884207
572189792792664
572189792792664
572189792792664
572189792792664
572189792792664
572496932806757
572556486088348
572697449450322
572858306076364
573189449445895
573189449445895
573443262721788
573534856092922
573641302660340
574100085954264
574658635984955
574982905905550
575470159179625
575470159179625
575623355827895
575623355827895
575817879153610
576153612479401
576324125754544
576532072378118
576929675699689
577628012354710
578410628903068
578505095517209
578888955462515
578987885497990
579183145503985
579183145503985
579494102100575
579494102100575
579505555416056
579909522092616
579909522092616
580111842077209
580563482013385
580619265370265
580956001958458
581037055316598
581248008634364
581248008634364
581452018642269
583911118372068
584105795029935
584722174913920
585366308181885
585640231494293
585732848161547
586611298086456
586749918028790
586917691373952
587048678003581
587074244713579
587956324617497
588536324490881
588910901157555
589665707761607
589894571037335
590322160991389
590400287676313
590435954381210
590549611060566
590886190963626
590988277583059
591425840949703
591783214206223
592168654209348
592213130841929
592365440791801
594603217305567
595419353844074
595423070523128
595423070523128
595934917106468
596378060412667
596595360429714
596595360429714
597249600307198
597249600307198
597249600307198
597249600307198
597340043697964
597394517003120
598358543605223
598841760159682
598841760159682
598841760159682
598984660111984
599331550126888
600140823351756
600454386633396
601124743266011
601194089966507
601194089966507
601404289957454
601877353243875
601954246530035
602298069864339
602329843123665
602788029773422
602882273135589
603355589700455
603796723038644
604114959599057
605371899576852
605371899576852
605793416145088
605895832768847
605895832768847
605942986103497
605948066111673
605955306116947
605988722847721
606190206107399
606495729465259
606892926007525
607196889343016
607226665955353
608182942537648
608685192526583
609298479095346
609405859166969
609456219144475
609643739067566
609770592406330
610037902348073
610524162321641
612325098816916
612423852141079
612713982097024
612801978811008
612877898767134
612893152087168
613182805400374
613280155437460
613788288695834
613788288695834
614113858651150
614314968663935
614406511924389
614887565264361
615109631839081
615505945155279
615505945155279
615770541786877
615949915127902
615984728458110
616230641763683
617050584977341
618304648229099
619034731497787
619244028147264
619900958099826
620282208058543
620282208058543
620429928036344
620588868006498
620961864663694
620961864663694
621120084662667
622296061162156
623547617656427
623547617656427
624093370946711
624093370946711
624239827639959
624284460921064
624343257673658
624462907564406
624545040946436
624730914288336
625142034186898
625192804214190
625235467500880
625547004164737
625547004164737
625566897520723
625566897520723
625658710827882
625714174156717
627027390670479
627499267315297
627499267315297
628182023860632
628497810499295
629154180463477
629559500425184
629803007090007
629851077059457
630212060360598
630778220345230
632364336802311
632379426781728
632379426781728
632956616748346
632956616748346
634060663345385
634060663345385
635090853188462
635654469792430
636329243112729
636445673053467
637195262997672
637427252976372
637427252976372
637476469613704
637757519634235
637984272952618
638377659532920
639084552832426
639088882850776
639167569456083
639167569456083
640799702663557
641459079197855
641459079197855
641807932505490
641898755836046
641898755836046
641933625859094
641990619189610
642873599091371
644099955616842
645464738853933
645587928866399
645822555434439
645944318810801
646335158772366
646632252030585
646664355391858
647073118711283
647324788631537
647636981945000
647636981945000
648161905259543
648378635233573
648386561846898
648763501856011
648768471864834
648872281827090
648971428489286
649898371735306
649898371735306
651126478293029
651382381604279
652456698176238
652556894766743
652556894766743
652672018138325
653866257957515
654653971282659
654657484627741
655048941172593
655091221198593
656248064440813
656749877726712
656749877726712
656810047684626
656885277719739
657303424357758
657496714300636
657647300949390
657647300949390
657647300949390
657647300949390
657681704300011
658164380919455
658196050928472
658468167551294
658913967526721
660202874014914
660376867363768
661118480590085
661348287265438
661544863871402
661633107205234
661696147188066
661984023817261
661984023817261
662292123837099
663106830434030
664640463573548
664640463573548
664746206882068
665496373541766
665846306802478
666224783468971
666656863389097
666787283396665
666796366694619
667320453293552
667353453339980
667353453339980
667353453339980
667393593350251
668479393225613
668895226459807
669615843064594
669615843064594
669660963104612
669798503100061
669937929746463
670159753044150
670181993019444
670943422918813
671467229543725
672239126180269
672262526138333
672954562768059
673277346033088
673277346033088
673471949365741
673471949365741
674343905947421
674474812608204
674802679255210
675953425818900
677570598923668
679044945483070
679044945483070
679132132146670
679132132146670
679173742142335
679173742142335
679929195353161
679960015387606
680051305377124
680213962051404
680403368688179
680940578604067
681571038571313
681658801915119
682506658435795
682533591759779
682636538476627
683099925082605
684468924935773
684701081624808
685303808171065
686720404704352
687321424666500
687588524605608
690071494381437
690543551024958
691691777517573
692838997401043
693037510729362
693450220713465
693895690673766
694711687262707
694970203874303
695682897125168
696776357049587
697306123642618
698257743569838
698257743569838
699501513401992
699671360077459
699671360077459
700073463397492
701920573188729
702142619815016
702142619815016
702335833136432
703885249626347
703885249626347
704175139634893
704746412868852
705509559505373
705509559505373
706157789409210
706178082763899
706245249437318
706720466014630
706745609391192
707119579313906
707243555991789
707243555991789
707482782624440
707735682610365
708164725861579
708300349222029
710583575644890
711329625576252
713011528750358
713011528750358
713663538679781
713957168646156
714900191870735
715531825138786
715531825138786
715986505128387
716936005000254
717823771611613
717823771611613
718290088230877
718777641484748
719638108048561
719896511354648
719896511354648
721594654568461
721594654568461
721594654568461
722032911141055
723550364338791
723866667627481
724447710908012
724447710908012
725570940815407
725910684089386
727682223963003
727712317258119
729531193752377
730518626979370
732851283412847
733512166669276
733712026687623
734217103283999
735603916487676
736479679713937
737565429615749
738452332866337
738452332866337
739092019445358
739092019445358
739600716082745
739698366066704
740038282692843
741665552564918
745411112167394
745433665520662
745735678802068
746064722093437
746064722093437
747807761900625
748951111805003
750504575005830
750876408266862
751109288237169
753229771399803
753315458026939
753449898003155
753835581312230
754264364596230
757758187577925
758251234194079
758953450794431
759571350732216
760295120662009
761181937266432
761238473906210
762428727140690
762783397069321
767079626671359
767439479967338
768889249828217
768889249828217
771552929523220
773923952659834
774006779296753
774107955933859
775225842495457
775225842495457
776420795712726
776798619031002
778683132183181
780466051985909
781812495173796
782466188454590
784976628202599
786139824730749
787035947985291
787581244607719
789365331081920
790306457647653
790857974287491
791502607532999
792203390793587
793309444029793
795641160464234
796087303743104
796098403756658
796259247060077
797571606933486
797761223568310
797891423588907
797891423588907
800002383373215
802416896449635
803180553067987
804588389552837
805149869510347
806526559363775
807340965952218
808476022513317
810876438941355
811227862243292
812950182056555
813267355368284
813636605313750
813636605313750
814061621955094
814357625250626
815525751795158
816978761665382
822123944479566
822521857757999
822521857757999
823869350956829
823869350956829
829536673731618
830944863585129
834050109938441
834439256586242
835150483178139
835150483178139
836602439688007
836602439688007
836880229672801
842979072384562
842979072384562
844581772234572
847124305315456
847815708566060
848412421855207
851641674851186
856604507702981
864872080194715
866687866679342
866687866679342
867865189906664
875037332525522
884642601550030
892197224131098
894790573880045
898223516870810
899306580086090
902812339735085
906228516072462
907249552633817
918849584798369